function shjdata=nosofsky_shjdata(type)

% This is the data from nosofsky et al., 1994
shjdata=[0.789	0.622	0.541	0.578	0.528	0.502
0.975	0.844	0.714	0.705	0.669	0.659
0.997	0.917	0.777	0.778	0.77	0.716
1	0.944	0.855	0.828	0.861	0.755
1	0.969	0.919	0.852	0.894	0.783
1	0.973	0.922	0.891	0.919	0.808
1	0.972	0.937	0.911	0.933	0.808
1	0.984	0.967	0.937	0.922	0.823
1	0.984	0.977	0.975	0.952	0.828
1	0.992	0.984	0.969	0.955	0.872
1	1	0.981	0.981	0.95	0.861
1	0.998	0.991	0.975	0.964	0.883
1	0.995	0.992	0.995	0.969	0.897
1	0.997	0.987	1	0.973	0.902
1	0.998	0.991	1	0.984	0.894
1	1	0.987	1	0.986	0.894
% 1	1	0.992	1	0.986	0.922
% 1	1	0.994	1	0.986	0.923
% 1	1	0.991	1	0.987	0.922
% 1	1	0.997	1	0.986	0.939
% 1	1	0.995	1	0.987	0.942
% 1	1	1	1	0.991	0.958
% 1	1	0.997	1	0.989	0.958
% 1	1	0.995	1	0.992	0.97
% 1	1	0.998	1	0.992	0.962
];

shjdata=shjdata(:,type);